[General]
A_k10=0
A_k11=0
A_k12=0
A_k13=0
A_k14=0
A_k15=0
A_k16=0
A_k17=0
A_k18=0
A_k19=0
A_k23=0
A_k7=0
A_k8=0
A_k9=0
A_kl=0
A_lt2a=-1
A_lt8a=0
A_msg=-1
A_par=0
A_power=0
A_presure=0
A_signal_par=0
A_sirop=-1
A_sok_flow=0
A_speed=0
A_teh=0
A_temp=0
A_vak=0
Al_c=0
Ap_k10=-1
Ap_k11=0
Ap_k12=-1
Ap_k13=-1
Ap_k14=-1
Ap_k15=-1
Ap_k16=-1
Ap_k17=-1
Ap_k18=-1
Ap_k19=-1
Ap_k20=-1
Ap_k23=-1
Ap_k4=-1
Ap_k6=-1
Ap_k7=-1
Ap_k8=-1
Ap_k9=-1
Cv_bel_zad=89
Cv_got_zad=91.19999694824219
Cv_ind=0
Cv_kachka=80.9000015258789
Cv_rost1_zad=83.19999694824219
Cv_rost2_zad=85.5
Cv_uvar_zad=90.5
DT_slow=0
Delta=-40.92763900756836
Delta_ind=0
Dt2a_ind=55.06399917602539
Dt2a_mah=95
Dt2a_mah_ek=10000
Dt2a_mih=55
Dt2a_mih_ek=0
Dt_mt=0
Ey20a_ind=0
Ha20a_zad=0
Hod_p_zad=2
Hod_v_zad=2
Indication_min=0
Indication_stad=0
K10_out=0
K10g_c=0
K11_out=0
K11g_c=0
K12_out=0
K12g_c=0
K13_out=0
K13g_c=0
K14_out=0
K14g_c=0
K15_out=0
K15g_c=0
K16_out=0
K16g_c=0
K17_delm=5
K17_deln=1
K17_m=0
K17_out=0
K17_stmn=1
K17_stmx=10
K17an_inv=0
K17an_max=10000
K17an_min=0
K17g_c=0
K18_out=0
K18g_c=0
K19_out=0
K19g_c=0
K20_out=-1
K20g_c=0
K23_out=0
K23g_c=0
K4=0
K6=100
K7_out=0
K7g_c=0
K8_out=0
K8g_c=0
K9_out=0
K9g_c=0
K_lev=0
Kod=1
Kod_blok=0
Kod_dw=0
Kod_up=0
Lt1a_bel_zad=65
Lt1a_ind=-0.5899999737739563
Lt1a_mah=100
Lt1a_mah_ek=10000
Lt1a_mih=0
Lt1a_mih_ek=0
Lt1a_nab_zad=13
Lt1a_r1_zad=33
Lt1a_r2_zad=48
Lt1a_sgu_zad=17
Lt1a_uvar_zad=77
Lt1a_zel_zad=77
Moment_ind=0
Moment_zad=36
Ob_bel_f_zad=35
Ob_bel_s_zad=30
Ob_gotov_zad=27
Ob_ind=0
Ob_kachka_zad=40
Ob_rost_f_zad=40
Ob_rost_s_zad=35
Ob_sgu_f_zad=40
Ob_sgu_s_zad=40
Ob_uvar_zad=27
Ob_zatr_zad=40
Par_max_zad=100
Par_min_zad=20
Pp_bel_zad=60
Pp_rost1_zad=35
Pp_rost2_zad=39
Pp_sgu_zad=99
Pp_uvar_zad=45
Pp_zatr_zad=32
Pt5a_ind=-71.27040100097656
Pt5a_mah=250
Pt5a_mah_ek=10000
Pt5a_mih=-102
Pt5a_mih_ek=0
Pt6a_ind=-88.8324966430664
Pt6a_mah=266
Pt6a_mah_ek=10000
Pt6a_mih=-97
Pt6a_mih_ek=0
Pt6a_z=0
Rezi=0
Slow_par=0
St_i=1358955613
St_i1=10
St_i2=0
Stepp=0
Sy20a_ind=0
Sy20a_stop=0
T_imp_slow=60
T_rost_ind=300
T_vugruz_ind=300
T_zatr_ind=600
Temp_vak=-1
Termo_ind=0
Tkl_19_zad=10
Tkl_zad=3
Tm_nab_zad=400
Tm_otvod_zad=3
Tm_par_zad=15
Tm_rost_zad=5
Tm_sgu_zad=120
Tm_vugruz_zad=5
Tm_zatr_min_zad=10
Tm_zatr_sec_zad=0
Tm_zatr_zad=600
Tp_imp_zad=3
Tt4a_ind=86.8949966430664
Tt4a_mah=150
Tt4a_mah_ek=10000
Tt4a_mih_ek=0
Tv_imp_zad=3
Uroven_ind=0
Va_bel_zad=-82
Va_rost1_zad=-79
Va_rost2_zad=-81
Va_uvar_zad=-90
Va_zatr_zad=-78
Vak_max_zad=100
Vak_min_zad=30
Vakuum_ind=-90
Vv_bel_zad=70
Vv_rost1_zad=71
Vv_rost2_zad=69
Vv_uvar_zad=69
Vv_zatr_zad=74
Water=0
Water_avt=-1
Water_key=0
Zatravka=82.9000015258789
a_lt5a=0
a_lt7a=0
dication_hour=0
k17_sel=-1
msg_A_nab=0
msg_A_sgu=0
msg_Hlevel=0
msg_Nabor=0
msg_Sirop_lim=-1
msg_Utfel_lim=0
msg_green=0
msg_vugruzka=0
msg_water=0
msg_white=0
msg_zapret=0
msg_zatr=0
plan_g=0
sok_flow_msg=0
sok_lvl_msg=0
svm=70
zat_max=1.399999976158142
zat_min=1.2000000476837158
zatr_diff=0
