[General]
AM0001=-1
AM0002=0
AM0003=-1
AM0004=0
AM0005=0
AM0006=0
AM0007=0
AM0008=0
C0001=736.8921508789062
C0002=0
C0003=355.10198974609375
C0004=0
C0005=0
C0006=0
C0007=0
C0008=0
K10003=0.023076923564076424
K20003=2
K20005=1
K30003=3
K30005=3
K40003=2
K40005=3
K50003=3
KD0001=1.100000023841858
KD0002=1.100000023841858
KD0003=1.100000023841858
Kk0003=3
Kpr0001=-0.699999988079071
Kpr0002=0.2199999988079071
Kpr0003=5.099999904632568
Kpr0004=1
Kpr0005=-8.5
Kpr0006=1
Kpr0007=1
Kpr0008=1
Mon_s=8
Rej0001=0
Rej0002=0
Rej0003=0
Rej0004=0
Rej0005=0
Rej0006=0
Rej0007=0
Run=-1
SP0001=1750
SP0002=1980
SP0003=916.923095703125
SP0004=0
SP0005=2750
SP0006=0
SP0007=0
SP0008=350
SP2003=2666.666748046875
SP50003=984.6153564453125
SP60003=0
SP70003=1100
SPR0003=919.5201416015625
SPR0005=0
Save=-1
Td0001=0
Td0002=0
Td0003=0
Td0004=0
Td0005=0
Td0006=0
Td0007=0
Td0008=0
Ti0001=102
Ti0002=120.5999984741211
Ti0003=36
Ti0004=600
Ti0005=10.800000190734863
Ti0006=600
Ti0007=600
Ti0008=600
V0001=1746.681884765625
V0002=788.3094482421875
V0003=735.0592041015625
V0004=1270.4481201171875
V0005=940.1864013671875
V0006=5.741715358453803e-05
V0007=644.1304931640625
V0008=893.1505737304688
V0009=0
V0010=0
V0011=0
V0012=0
V0013=0
V0014=0
V0015=2707.86669921875
V0016=2725.606201171875
V0017=392.5
V0018=0.5063009262084961
V0019=1510.03125
V0020=1778.121337890625
V0021=7.236048221588135
V0022=0
V0023=919.5201416015625
V0024=2843.52490234375
X0001=-1
X0002=0
X0003=0
X0004=0
X0005=0
X0006=0
X0007=0
X0008=0
X0009=-1
X0010=-1
X0011=0
X0012=0
X0013=0
X0014=0
X0015=0
X0016=0
Xmax0001=4000
Xmax0002=4000
Xmax0003=1400
Xmax0004=4000
Xmax0005=4000
Xmax0006=4000
Xmax0007=4000
Xmax0008=4000
Xmin0001=0
Xmin0002=0
Xmin0003=0
Xmin0004=0
Xmin0005=0
Xmin0006=0
Xmin0007=0
Xmin0008=0
Y0001=0
Y0002=0
Y0003=0
Y0004=0
Y0005=0
Y0006=0
Y0007=0
Y0008=0
Y0009=0
Y0010=0
Y0011=0
Y0012=0
Y0013=0
Y0014=0
Y0015=0
Y0016=0
closeStop=0
dd_s=31
fV0001=10
fV0002=10
fV0003=10
fV0004=10
fV0005=10
fV0006=10
fV0007=10
fV0008=10
fV0009=10
fV0010=10
fV0011=10
fV0012=10
fV0013=10
fV0014=10
fV0015=10
fV0016=10
fV0017=10
fV0018=10
fV0019=10
fV0020=10
fV0021=10
fV0022=10
fV0023=10
fV0024=10
hh_s=10
mC0001=0
mC0002=0
mC0003=0
mC0004=0
mC0005=0
mC0006=0
mC0007=0
mC0008=0
mm_s=58
ss_s=51
time_set=0
yy_s=2019
